0
3.83443e-08
1.68802e-07
6.12112e-07
1.18697e-06
1.77603e-06
2.27429e-06
2.59839e-06
2.69525e-06
2.54996e-06
2.18395e-06
1.65729e-06
1.06124e-06
5.08036e-07
1.09838e-07
5.17903e-08
0

3.8297e-08
0.00122246
0.00547036
0.0118352
0.0192951
0.0266644
0.0328452
0.036973
0.0384832
0.0371488
0.0331093
0.0268888
0.0193822
0.0117727
0.00533536
0.0011238
5.15356e-08

1.75147e-07
0.00554098
0.0149395
0.0265427
0.0390208
0.0508951
0.0606943
0.0671917
0.0695646
0.0674855
0.0611681
0.0513704
0.0393319
0.0266068
0.0147937
0.005343
1.03668e-07

6.48201e-07
0.0126769
0.028046
0.044373
0.0603884
0.0748333
0.0864189
0.0940098
0.0968146
0.0945093
0.0872864
0.0758342
0.0612403
0.0448323
0.0280285
0.0123899
4.8033e-07

1.28662e-06
0.0226281
0.0450338
0.0658727
0.0843455
0.0998352
0.111703
0.119326
0.122231
0.120199
0.113294
0.10182
0.0862471
0.0671725
0.0454265
0.0223447
9.99775e-07

1.96788e-06
0.0353994
0.0661376
0.0914846
0.111491
0.126599
0.13728
0.143866
0.14653
0.145285
0.139954
0.130112
0.115112
0.0942984
0.0674622
0.0353732
1.56276e-06

2.56486e-06
0.0510658
0.0915069
0.121373
0.141925
0.155093
0.16293
0.167215
0.169174
0.169248
0.166905
0.1606
0.148006
0.126611
0.0946091
0.0518003
2.07685e-06

2.97278e-06
0.0697882
0.121201
0.155326
0.175089
0.184381
0.187319
0.187659
0.1882
0.190111
0.192416
0.192005
0.184248
0.164066
0.127294
0.0721219
2.46987e-06

3.11062e-06
0.0918064
0.155124
0.192592
0.209511
0.212337
0.207721
0.201911
0.199918
0.204114
0.21302
0.221468
0.221893
0.205849
0.165731
0.0969666
2.68593e-06

2.93925e-06
0.11745
0.192875
0.231538
0.242368
0.235221
0.219666
0.204781
0.19855
0.205338
0.223105
0.244026
0.257098
0.249788
0.209572
0.127022
2.69711e-06

2.47732e-06
0.14717
0.233405
0.268986
0.268776
0.247169
0.216683
0.188992
0.175927
0.185482
0.214755
0.252192
0.283319
0.291388
0.257221
0.162888
2.49967e-06

1.81794e-06
0.181492
0.274154
0.298945
0.280852
0.240106
0.191169
0.146196
0.121538
0.134469
0.17906
0.236549
0.29072
0.322386
0.304483
0.204692
2.10106e-06

1.07288e-06
0.220453
0.308829
0.310529
0.267741
0.207456
0.143498
0.0813739
0.0265757
0.0520968
0.118354
0.192339
0.268045
0.329332
0.341929
0.250916
1.55717e-06

4.02331e-07
0.260704
0.322286
0.287674
0.226667
0.175031
0.146608
0.137878
0.136742
0.13618
0.140586
0.16523
0.221292
0.297177
0.350739
0.294681
9.46224e-07

1.49012e-08
0.284404
0.289119
0.2458
0.245321
0.279879
0.318665
0.347011
0.360287
0.357061
0.337045
0.302487
0.265382
0.260124
0.308916
0.313495
3.8743e-07

1.19209e-07
0.27405
0.334437
0.426948
0.51164
0.574286
0.616489
0.641811
0.652695
0.649994
0.632843
0.598423
0.54194
0.459333
0.362671
0.294794
2.98023e-08

1
1
1
1
1
1
1
1
1
1
1
1
1
1
1
1
1

