0
3.83443e-08
-1.68802e-07
-6.12112e-07
-1.18697e-06
-1.77603e-06
-2.27429e-06
-2.59839e-06
-2.69525e-06
-2.54996e-06
-2.18395e-06
-1.65729e-06
-1.06124e-06
-5.08036e-07
-1.09838e-07
5.17903e-08
0

0
-0.000857823
-0.00475114
-0.0111272
-0.0187622
-0.0263362
-0.0326899
-0.0369315
-0.0384832
-0.0371116
-0.0329561
-0.0265517
-0.0188256
-0.0110349
-0.00460037
-0.000771716
0

0
-0.00285117
-0.0108502
-0.0225434
-0.0359347
-0.0489523
-0.0597624
-0.0669415
-0.0695643
-0.0672588
-0.0602496
-0.0493887
-0.0361418
-0.0224848
-0.0106547
-0.0027174
0

0
-0.00482879
-0.0168718
-0.0334843
-0.0518765
-0.0693984
-0.0837836
-0.0932971
-0.0968139
-0.0938697
-0.0847099
-0.0703346
-0.0525086
-0.0336812
-0.0167544
-0.00468083
0

0
-0.00666937
-0.0226474
-0.0440076
-0.0670865
-0.0886917
-0.106243
-0.117832
-0.122228
-0.118899
-0.108042
-0.0906684
-0.0686791
-0.0448799
-0.0228462
-0.00657737
0

0
-0.00848047
-0.0283743
-0.0543967
-0.0819474
-0.10732
-0.127725
-0.141206
-0.146523
-0.14309
-0.130991
-0.111103
-0.0852927
-0.0566012
-0.0292897
-0.00857616
0

0
-0.0103918
-0.0342856
-0.0648603
-0.0965254
-0.125144
-0.147886
-0.162928
-0.169154
-0.165967
-0.153266
-0.131617
-0.1026
-0.0692685
-0.0364912
-0.0108816
0

0
-0.0125299
-0.0405658
-0.0754035
-0.110421
-0.141246
-0.165306
-0.181201
-0.188147
-0.185626
-0.173291
-0.151168
-0.120186
-0.0829858
-0.0447749
-0.0136981
0

0
-0.0150579
-0.0473682
-0.0857594
-0.122608
-0.153705
-0.177233
-0.192646
-0.199794
-0.198386
-0.187802
-0.167285
-0.136609
-0.0973131
-0.0543195
-0.0172531
0

0
-0.0182599
-0.0548505
-0.0952579
-0.131139
-0.159221
-0.179201
-0.191943
-0.198287
-0.198369
-0.191343
-0.175481
-0.148853
-0.110898
-0.0650559
-0.02185
0

0
-0.0226718
-0.0631055
-0.1024
-0.132492
-0.152444
-0.164482
-0.171436
-0.175409
-0.177151
-0.175743
-0.168516
-0.151457
-0.12075
-0.0763643
-0.0279322
0

0
-0.0292013
-0.0715994
-0.103595
-0.120117
-0.124788
-0.123366
-0.120835
-0.120488
-0.123708
-0.12978
-0.135551
-0.135162
-0.120761
-0.0861636
-0.0360477
0

0
-0.038795
-0.0768817
-0.0898394
-0.0814722
-0.0625275
-0.0423589
-0.0272678
-0.0209424
-0.0250666
-0.0394545
-0.0614978
-0.0849483
-0.0987153
-0.088276
-0.0461308
0

0
-0.0492518
-0.0648982
-0.0390424
0.00701102
0.0554432
0.0960338
0.123711
0.13605
0.131817
0.110483
0.0727229
0.0222386
-0.0307055
-0.0652204
-0.0535789
0

0
-0.037575
0.0113187
0.0981805
0.185481
0.257872
0.311142
0.345069
0.360192
0.356494
0.332933
0.287511
0.218374
0.127507
0.0299107
-0.0319831
0

0
0.12341
0.281911
0.412307
0.507252
0.572866
0.616038
0.641702
0.652691
0.649957
0.632589
0.597467
0.53859
0.446667
0.311859
0.139203
0

1
1
1
1
1
1
1
1
1
1
1
1
1
1
1
1
1

