0
0
0
0
0
0
0
0
0
0
0
0
0
0
0
0
0

-3.8297e-08
0.000870943
0.00271137
0.00403202
0.00450371
0.00417025
0.00318957
0.00175218
6.20111e-05
-0.00166177
-0.00318107
-0.00424461
-0.00461148
-0.00410209
-0.00270236
-0.000816931
5.15356e-08

1.75147e-07
0.00475114
0.0102694
0.014011
0.015209
0.0139278
0.0105952
0.00579324
0.000180147
-0.00552708
-0.0105599
-0.0141305
-0.0155168
-0.0142252
-0.0102631
-0.00460037
-1.03668e-07

6.48201e-07
0.0117212
0.0224036
0.0291165
0.0309126
0.0279979
0.0211788
0.0115541
0.000379319
-0.0109765
-0.0210511
-0.0283525
-0.0315154
-0.0295892
-0.0224698
-0.0114716
-4.8033e-07

1.28662e-06
0.0216229
0.0389248
0.0490157
0.0511231
0.0458349
0.034494
0.0188235
0.000752717
-0.017631
-0.034095
-0.0463318
-0.0521703
-0.0499795
-0.0392635
-0.0213547
-9.99775e-07

1.96788e-06
0.0343686
0.0597418
0.0735556
0.0755967
0.0671548
0.0503186
0.0275392
0.0014463
-0.0251631
-0.0492813
-0.0677151
-0.077304
-0.0754221
-0.0607722
-0.0343178
-1.56276e-06

2.56486e-06
0.0499973
0.0848411
0.102589
0.104046
0.0916129
0.06838
0.0376211
0.00263634
-0.0331635
-0.0660814
-0.0920296
-0.106672
-0.105983
-0.0872885
-0.0506444
-2.07685e-06

2.97278e-06
0.0686541
0.11421
0.135795
0.13588
0.118516
0.0881029
0.0488068
0.00448501
-0.0410506
-0.0836314
-0.118381
-0.139652
-0.141531
-0.119159
-0.0708091
-2.46987e-06

3.11062e-06
0.0905631
0.147715
0.172444
0.169889
0.146498
0.108335
0.0604616
0.00706148
-0.048019
-0.100539
-0.145134
-0.174855
-0.181394
-0.156576
-0.0954193
-2.68593e-06

2.93925e-06
0.116022
0.184912
0.211035
0.203826
0.173141
0.127044
0.0713669
0.0102245
-0.0530421
-0.114733
-0.169574
-0.209624
-0.223821
-0.199219
-0.125129
-2.69711e-06

2.47732e-06
0.145414
0.224713
0.248733
0.233852
0.19456
0.141057
0.0795476
0.0134878
-0.0549624
-0.123427
-0.187624
-0.239438
-0.265191
-0.245624
-0.160475
-2.49967e-06

1.81794e-06
0.179128
0.26464
0.280422
0.25387
0.205131
0.146036
0.082294
0.0159396
-0.0527088
-0.123368
-0.193859
-0.257389
-0.298914
-0.292037
-0.201493
-2.10106e-06

1.07288e-06
0.217013
0.299106
0.29725
0.255045
0.197809
0.137104
0.0766693
0.0163611
-0.0456699
-0.111584
-0.182243
-0.254228
-0.314189
-0.330338
-0.246639
-1.55717e-06

4.02331e-07
0.256009
0.315684
0.285012
0.226558
0.166018
0.110776
0.0608775
0.0137384
-0.0341966
-0.0869365
-0.148365
-0.220172
-0.295586
-0.344622
-0.289769
-9.46224e-07

-1.49012e-08
0.281911
0.288897
0.225341
0.160559
0.108786
0.0688361
0.0366531
0.00825474
-0.0201025
-0.0524897
-0.0939989
-0.1508
-0.22673
-0.307464
-0.311859
-3.8743e-07

-1.19209e-07
0.244691
0.179929
0.11085
0.0668669
0.0403567
0.0235789
0.0118272
0.00231338
-0.00693763
-0.0179533
-0.0338056
-0.060167
-0.107124
-0.185132
-0.259858
-2.98023e-08

0
0
0
0
0
0
0
0
0
0
0
0
0
0
0
0
0

