0
0.0016402
-0.0278675
-0.0851132
-0.156876
-0.229213
-0.290307
-0.331267
-0.34637
-0.333252
-0.293201
-0.231472
-0.157392
-0.0839228
-0.02614
0.0025437
0

0.00164021
-0.0309419
-0.0620189
-0.100172
-0.143587
-0.186515
-0.222628
-0.246665
-0.255206
-0.247025
-0.223221
-0.187153
-0.144107
-0.100471
-0.0620155
-0.0305074
0.0025437

-0.0274475
-0.0650954
-0.0891616
-0.109889
-0.130486
-0.150193
-0.166668
-0.177528
-0.181208
-0.177318
-0.166653
-0.150917
-0.132223
-0.112272
-0.0910987
-0.0651499
-0.0246933

-0.0895862
-0.113057
-0.119884
-0.119737
-0.117913
-0.116478
-0.115712
-0.115296
-0.115045
-0.115188
-0.11626
-0.118718
-0.122357
-0.125644
-0.125026
-0.11431
-0.0844046

-0.181951
-0.17833
-0.158337
-0.131685
-0.104853
-0.0815623
-0.0637383
-0.0524414
-0.0484716
-0.0525574
-0.0651492
-0.0859126
-0.113059
-0.14272
-0.168625
-0.182363
-0.174465

-0.302985
-0.261523
-0.205221
-0.14509
-0.0887495
-0.0409763
-0.00465393
0.0183291
0.0264995
0.0186506
-0.00586674
-0.046477
-0.100487
-0.162256
-0.222889
-0.271009
-0.294863

-0.453305
-0.362549
-0.259342
-0.157327
-0.0654764
0.0107791
0.0682023
0.104611
0.118154
0.107113
0.0702327
0.00759685
-0.0780628
-0.179938
-0.286322
-0.381468
-0.448885

-0.635507
-0.481182
-0.31802
-0.163811
-0.0290878
0.080588
0.162402
0.214578
0.235309
0.222355
0.17333
0.0867816
-0.0359005
-0.187929
-0.354884
-0.514832
-0.643061

-0.854254
-0.616883
-0.376523
-0.157214
0.0289521
0.177303
0.28674
0.357032
0.38716
0.374533
0.315067
0.204314
0.0400413
-0.173532
-0.420642
-0.671346
-0.887213

-1.11736
-0.768005
-0.426193
-0.125409
0.121437
0.312781
0.451611
0.541203
0.582651
0.573584
0.507787
0.376021
0.168907
-0.116893
-0.468784
-0.848518
-1.19516

-1.43858
-0.92953
-0.449957
-0.047086
0.268581
0.503609
0.669503
0.77627
0.829257
0.827497
0.762713
0.619135
0.375522
0.0123672
-0.471971
-1.0368
-1.58642

-1.84288
-1.08608
-0.411785
0.116967
0.503338
0.773471
0.955335
1.0704
1.13107
1.13959
1.08667
0.949328
0.689679
0.259445
-0.379905
-1.20905
-2.08899

-2.37305
-1.1897
-0.232137
0.439725
0.878483
1.15478
1.32551
1.42875
1.48617
1.50503
1.47734
1.37514
1.14238
0.688422
-0.100683
-1.29338
-2.73996

-3.08434
-1.08855
0.26653
1.05083
1.47
1.68441
1.79226
1.84874
1.88303
1.90725
1.91797
1.88948
1.75619
1.38217
0.530075
-1.10312
-3.5652

-3.94912
-0.297878
1.45963
2.1457
2.35633
2.38064
2.34634
2.30944
2.29541
2.31611
2.37475
2.46062
2.52619
2.42653
1.79103
-0.15768
-4.4545

-4.28675
2.68387
3.98403
3.88829
3.52428
3.17952
2.91939
2.75224
2.67561
2.68999
2.80348
3.03271
3.39383
3.84968
4.09039
2.79236
-4.58867

16
11.7133
8.1699
5.95555
4.6227
3.81583
3.33131
3.06132
2.95285
2.9873
3.17484
3.56179
4.2566
5.48711
7.68455
11.4113
16

